      best      test     train
   1.00000   1.00000   1.00006
   1.00000   1.00000   0.99675
   1.00000   1.00000   0.99918
   1.00000   1.00000   0.99928
   1.00000   1.00000   0.99930
   1.00000   1.00000   0.99945
   1.00000   1.00000   0.99932
   1.00000   1.00000   0.99943
   1.00000   1.00000   1.00022
   1.00000   1.00000   1.00101
   1.00000   1.00000   1.00292
   1.00000   1.00000   1.00265
   1.00000   1.00000   1.00286
   1.00000   1.00000   1.00373
   1.00000   1.00000   1.00244
   1.00000   1.00000   1.00275
   1.00000   1.00000   1.00220
   1.00000   1.00000   1.00298
   1.00000   1.00000   1.00185
   1.00115   1.00228   1.00115
   1.00115   1.01100   1.00115
   1.00115   1.01799   1.00078
   1.00115   1.01693   0.99942
   1.00471   1.01148   1.00471
   1.00471   1.02323   1.00108
   1.00471   0.99750   1.00181
   1.00471   1.02420   1.00254
   1.00471   1.00827   1.00229
   1.00471   1.00207   1.00077
   1.00471   1.00066   1.00130
   1.00495   1.01621   1.00495
   1.00495   0.99750   1.00354
   1.00495   0.99919   1.00014
   1.00495   0.98788   0.99823
   1.00495   0.99578   1.00444
   1.00495   0.99953   1.00329
   1.00495   1.01119   1.00307
   1.00495   1.01057   1.00246
   1.00495   0.99922   1.00353
   1.00495   1.01387   1.00069
   1.00495   1.00155   1.00052
   1.00495   1.00971   0.99910
   1.00495   0.99949   1.00280
   1.00495   1.00537   1.00444
   1.00495   0.99559   1.00450
   1.00495   0.99750   1.00328
   1.00495   1.00592   1.00337
   1.00495   1.01116   1.00332
   1.00495   1.01574   1.00321
   1.00495   1.02743   0.99915
   1.00495   1.00578   1.00075
   1.00495   1.01871   1.00422
   1.00495   1.01386   1.00488
   1.00495   1.07291   0.99802
   1.00495   1.02601   1.00047
   1.00495   1.00298   1.00301
   1.00495   1.00000   1.00247
   1.00495   1.01948   1.00069
   1.00495   1.01675   1.00311
   1.00495   1.00707   0.99850
   1.00495   1.00000   0.99786
   1.00495   1.01557   1.00023
   1.00495   1.04065   1.00416
   1.00531   1.01255   1.00531
   1.00541   1.03514   1.00541
   1.00541   0.99750   1.00001
   1.00541   1.02757   1.00201
   1.00541   1.01421   1.00471
   1.00541   1.05560   0.99979
   1.00541   1.02312   1.00136
   1.00541   1.02359   1.00342
   1.00541   1.03230   1.00188
   1.00541   1.02698   1.00319
   1.00541   1.03626   1.00191
   1.00541   1.04241   1.00148
   1.00541   1.03021   0.99996
   1.00541   1.00897   1.00509
   1.00541   1.02390   1.00377
   1.00541   1.02226   1.00430
   1.00541   1.01686   1.00385
   1.00541   1.03560   1.00097
   1.00541   1.01615   0.99938
   1.00541   1.03821   1.00095
   1.00541   1.02596   1.00172
   1.00541   1.02240   1.00353
   1.00541   1.02508   1.00372
   1.00541   1.04025   1.00239
   1.00541   1.04374   1.00068
   1.00541   1.03891   0.99944
   1.00541   1.02469   1.00029
   1.00541   1.04374   1.00175
   1.00541   0.99740   1.00000
   1.00541   1.03181   1.00240
   1.00541   1.04086   1.00373
   1.00541   1.02301   1.00205
   1.00541   1.02530   1.00447
   1.00541   1.01974   1.00177
   1.00541   0.99736   0.99884
   1.00541   1.00000   1.00367
   1.00541   1.01955   1.00434
   1.00541   1.03360   1.00082
   1.00541   1.01935   1.00204
   1.00541   1.03766   1.00256
   1.00541   0.99722   0.99931
   1.00541   1.01654   0.99934
   1.00541   1.00489   0.99850
   1.00541   1.00866   1.00451
   1.00541   1.01651   0.99865
   1.00603   1.02082   1.00603
   1.00603   1.02197   1.00419
   1.00603   1.00903   1.00300
   1.00603   1.03152   1.00560
   1.00603   1.03187   0.99915
   1.00603   1.03743   1.00374
   1.00603   1.05135   1.00171
   1.00603   1.05650   0.99945
   1.00603   0.99740   1.00019
   1.00603   1.00000   1.00148
   1.00603   1.00000   1.00278
   1.00603   1.00000   1.00244
   1.00603   1.00000   0.99958
   1.00603   1.01024   1.00166
   1.00603   1.00000   1.00354
   1.00603   1.00000   1.00179
   1.00603   1.00000   1.00197
   1.00603   1.05827   0.99959
   1.00603   1.03713   0.99914
   1.00603   1.04317   0.99783
   1.00603   1.03800   1.00245
   1.00603   1.04066   0.99973
   1.00603   1.02305   0.99999
   1.00603   1.01669   0.99919
   1.00603   1.00000   1.00171
   1.00603   1.05127   1.00046
   1.00603   0.99750   0.99937
   1.00603   1.02983   1.00104
   1.00603   1.04111   1.00041
   1.00603   1.02956   1.00120
   1.00603   1.05746   0.99911
   1.00603   1.05086   0.99877
   1.00603   1.05599   1.00052
   1.00603   1.06825   1.00146
   1.00603   1.05874   0.99974
   1.00603   1.07724   0.99912
   1.00603   1.05006   1.00146
   1.00603   1.05693   1.00107
   1.00603   0.99750   1.00452
   1.00603   1.04800   1.00406
   1.00603   1.03633   1.00110
   1.00603   1.04682   1.00012
   1.00603   1.05602   1.00119
   1.00603   1.06139   1.00284
   1.00603   1.04589   1.00180
   1.00603   1.03506   0.99911
   1.00603   1.05606   0.99980
   1.00603   1.06203   1.00302
   1.00603   1.00786   1.00363
   1.00603   1.04888   1.00046
   1.00603   1.04359   1.00266
   1.00603   1.04988   0.99902
   1.00603   1.06469   1.00042
   1.00603   1.07094   0.99950
   1.00603   0.99738   1.00247
   1.00603   1.00000   0.99830
   1.00603   1.07460   1.00173
   1.00603   1.03110   1.00359
   1.00603   1.06177   1.00215
   1.00603   1.04499   1.00453
   1.00603   1.04050   1.00049
   1.00603   1.02981   0.99995
   1.00603   1.03927   0.99929
   1.00603   0.98805   1.00061
   1.00603   0.99817   0.99932
   1.00603   1.05790   1.00070
   1.00603   1.02186   1.00565
   1.00603   0.99750   0.99817
   1.00603   1.05268   1.00300
   1.00603   1.00000   1.00045
   1.00603   1.01401   1.00302
   1.00603   1.06703   0.99954
   1.00603   0.99715   1.00119
   1.00603   1.03164   0.99771
   1.00603   1.05077   1.00346
   1.00603   1.02699   1.00183
   1.00603   1.02677   1.00441
   1.00603   1.02679   1.00306
   1.00603   1.05712   1.00171
   1.00603   1.04510   1.00045
   1.00603   1.04829   1.00100
   1.00603   1.02657   0.99958
   1.00603   1.03529   1.00083
   1.00603   1.05875   1.00061
   1.00603   1.05127   1.00238
   1.00603   1.03492   1.00465
   1.00603   1.03301   1.00009
   1.00603   1.00916   1.00314
   1.00603   0.99736   1.00123
   1.00603   1.00642   1.00205
   1.00603   1.04210   1.00195
   1.00603   1.03103   1.00150
   1.00603   1.01950   1.00155
   1.00603   1.02602   1.00143
   1.00643   1.00643   1.00811
   1.00643   1.00006   1.00042
   1.00643   1.05746   1.00083
   1.00643   1.06697   1.00229
   1.00643   1.05169   1.00272
   1.00643   1.04944   0.99909
   1.00643   1.03896   1.00198
   1.00643   1.01414   1.00165
   1.00643   1.03391   1.00004
   1.00643   1.03593   1.00204
   1.00643   1.03830   1.00562
   1.00643   1.02768   1.00092
   1.00643   0.99747   1.00066
   1.00643   1.01447   0.99826
   1.00643   0.99738   1.00005
   1.00643   1.04635   1.00227
   1.00643   1.05541   0.99780
   1.00643   1.05806   0.99920
   1.00643   1.01327   1.00225
   1.00643   1.06354   1.00117
   1.00643   1.01941   1.00157
   1.00643   1.02992   1.00515
   1.00643   1.05253   1.00143
   1.00643   1.04129   1.00063
   1.00643   1.02356   1.00435
   1.00643   1.02566   1.00160
   1.00643   1.02682   1.00165
   1.00643   1.03232   1.00390
   1.00643   1.03450   1.00334
   1.00643   1.03727   1.00169
   1.00643   1.03097   1.00127
   1.00643   1.02879   1.00420
   1.00643   1.04126   1.00177
   1.00643   1.03760   1.00274
   1.00643   1.04456   1.00124
   1.00643   1.01644   0.99543
   1.00643   1.03840   1.00311
   1.00643   1.04632   1.00119
   1.00643   1.02185   1.00096
   1.00643   1.04587   1.00174
   1.00643   1.03032   1.00382
   1.00643   1.04557   1.00459
   1.00643   1.05259   1.00337
   1.00643   1.05496   1.00193
   1.00643   1.04312   1.00186
   1.00643   1.05614   1.00085
   1.00643   1.03627   1.00189
   1.00643   1.03061   1.00166
   1.00643   1.02809   1.00360
   1.00643   1.04235   0.99638
   1.00643   1.02842   0.99981
   1.00643   1.04699   1.00174
   1.00643   1.05007   1.00334
   1.00643   1.01813   1.00007
   1.00643   1.03313   1.00404
   1.00643   1.04765   1.00626
   1.00643   1.04753   1.00498
   1.00643   1.03263   1.00199
   1.00643   1.03259   1.00485
   1.00643   1.02415   1.00246
   1.00643   1.05045   1.00118
   1.00643   1.05617   0.99934
   1.00643   0.99766   0.99947
   1.00643   1.06147   1.00348
   1.00643   1.06315   1.00240
   1.00643   1.03070   1.00465
   1.00643   1.03560   1.00138
   1.00643   1.03742   1.00470
   1.00643   1.05171   1.00142
   1.00643   1.03150   1.00076
   1.00643   1.03691   1.00292
   1.00643   1.04882   1.00505
   1.00643   1.05564   1.00266
   1.00674   1.04292   1.00674
   1.00674   1.04439   1.00458
   1.00674   0.99747   1.00310
   1.00674   1.04668   0.99818
   1.00674   1.03499   1.00350
   1.00674   1.00000   0.99997
   1.00674   1.03455   1.00372
   1.00674   1.07141   1.00116
   1.00674   1.02983   1.00134
   1.00674   1.05202   1.00502
   1.00674   1.04504   1.00337
   1.00901   1.02966   1.00901
   1.00901   1.06283   1.00544
   1.00901   1.06496   1.00620
   1.00901   1.06069   1.00204
   1.00901   1.04649   1.00288
   1.00901   0.99750   1.00575
   1.00901   1.07250   1.00212
   1.00901   1.05354   1.00227
   1.00901   1.02221   1.00625
   1.00901   1.05867   1.00482
   1.00901   1.04052   1.00495
   1.00901   1.03600   1.00353
   1.00901   1.03984   1.00507
   1.00901   1.02716   1.00080
   1.00901   1.02802   1.00174
   1.00901   1.03606   1.00396
   1.00901   1.03764   1.00004
   1.00901   1.03209   1.00457
   1.00901   1.03786   1.00437
   1.00901   1.06310   1.00179
   1.00901   1.05401   1.00349
   1.00901   1.03509   1.00442
   1.00901   1.04731   1.00598
   1.00901   1.03264   1.00499
   1.00901   1.03516   1.00220
   1.00901   1.07116   1.00281
   1.00901   1.03582   1.00357
   1.00901   1.03614   0.99969
   1.00901   1.00418   0.99979
   1.00901   1.01582   1.00206
   1.00901   1.02547   0.99799
   1.00901   1.04999   1.00432
   1.00901   1.06470   1.00342
   1.00901   1.02082   1.00260
   1.00901   1.04369   1.00127
   1.00901   1.06312   1.00416
   1.00901   1.05119   1.00383
   1.00901   1.05218   1.00208
   1.00901   1.04327   1.00152
   1.00901   1.02564   1.00379
   1.00901   1.03321   1.00398
   1.00901   1.04037   0.99732
   1.00901   1.02573   1.00263
   1.00901   1.00472   1.00092
   1.00901   1.00000   1.00229
   1.00901   1.03674   0.99940
   1.00901   1.04349   1.00605
   1.00901   0.99747   1.00185
   1.00901   1.00041   1.00349
   1.00901   1.00000   1.00288
   1.00901   1.00000   1.00625
   1.00901   1.02766   1.00217
   1.00901   1.00406   0.99934
   1.00901   1.02806   1.00011
   1.00901   1.04224   1.00392
   1.00901   1.04922   1.00287
   1.00901   1.04745   1.00433
   1.00901   1.01930   1.00153
   1.00901   1.03999   1.00267
   1.00901   1.06245   0.99935
   1.00901   1.04439   1.00314
   1.00901   1.04617   1.00415
   1.00901   1.04951   1.00275
   1.00901   1.02483   1.00749
   1.00901   1.03038   0.99898
   1.00901   1.03092   1.00152
   1.00901   1.00000   1.00234
   1.00901   1.00000   1.00054
   1.00901   1.00000   1.00131
   1.00901   1.00000   1.00113
   1.00901   1.03382   0.99989
   1.00901   1.00786   0.99989
   1.00901   1.00000   1.00258
   1.00901   1.00000   1.00235
   1.00901   1.00000   1.00356
   1.00901   1.00000   1.00277
   1.00901   1.00000   1.00237
   1.00901   1.00000   1.00285
   1.00901   1.00000   1.00199
   1.00901   1.00000   1.00166
   1.00901   1.00000   1.00181
   1.00901   1.00000   0.99988
   1.00901   1.00000   1.00151
   1.00901   1.00000   1.00317
   1.00901   1.00000   1.00246
   1.00901   1.00000   1.00318
   1.00901   1.00000   1.00225
   1.00901   1.00000   1.00130
   1.00901   1.00000   1.00216
   1.00901   1.00000   1.00204
   1.00901   1.00000   1.00330
   1.00901   1.00000   1.00245
   1.00901   1.00000   1.00314
   1.00901   1.00000   1.00186
   1.00901   1.00000   1.00192
   1.00901   1.00000   1.00172
   1.00901   1.00000   1.00307
   1.00901   1.00000   1.00337
   1.00901   1.00000   1.00163
   1.00901   1.00000   1.00286
   1.00901   1.00000   1.00125
   1.00901   1.00076   1.00310
   1.00901   1.01526   1.00303
   1.00901   1.04424   1.00248
   1.00901   1.05079   1.00158
   1.00901   1.05821   1.00444
   1.00901   1.04824   1.00531
   1.00901   1.03229   1.00375
   1.00901   1.02128   1.00279
   1.00901   1.02989   1.00515
   1.00901   1.02444   1.00571
   1.00901   1.01846   1.00199
   1.00901   1.03505   1.00077
   1.00901   1.04793   1.00368
   1.00901   1.06955   1.00249
   1.00901   1.03070   1.00268
   1.00901   1.05910   1.00402
   1.00901   1.05519   1.00260
   1.00901   1.03997   1.00574
   1.00901   1.03511   1.00701
   1.00901   1.02614   1.00657
   1.00901   1.05121   1.00428
   1.00901   1.05936   1.00441
   1.00901   1.07416   1.00452
   1.00901   1.05499   1.00228
   1.00901   1.03585   1.00307
   1.00901   1.04417   1.00451
   1.00901   1.05327   1.00036
   1.00901   1.06554   1.00501
   1.00901   1.05568   1.00200
   1.00901   1.05124   1.00114
   1.00901   1.05590   1.00122
   1.00901   1.03963   1.00249
   1.00901   1.06266   1.00575
   1.00901   1.07235   1.00386
   1.00901   1.05102   1.00175
   1.00901   1.06912   1.00294
   1.00901   1.03270   1.00358
   1.00901   1.06245   1.00395
   1.00901   1.06698   1.00372
   1.00901   1.03347   1.00555
   1.00901   1.05422   1.00236
   1.00901   1.07122   1.00240
   1.00901   1.05008   1.00114
   1.00901   1.05051   1.00598
   1.00901   1.05834   1.00362
   1.00901   0.99736   1.00222
   1.00901   1.05685   1.00287
   1.00901   1.03451   1.00306
   1.00901   1.02453   1.00416
   1.00901   1.04584   1.00338
   1.00901   1.05715   1.00185
   1.00901   1.04689   1.00308
   1.00901   1.02286   1.00370
   1.00901   1.03677   1.00234
   1.00901   1.04049   1.00290
   1.00901   1.07638   1.00115
   1.00901   1.05042   1.00019
   1.00901   1.05014   0.99907
   1.00901   0.99736   1.00383
   1.00901   1.04019   1.00420
   1.00901   1.04349   1.00248
   1.00901   1.02743   1.00600
   1.00901   1.04583   1.00415
   1.00901   1.06388   1.00419
   1.00901   1.03585   1.00403
   1.00901   1.03619   1.00775
   1.00901   1.05810   1.00571
   1.00901   1.04152   1.00526
   1.00901   1.04090   1.00324
   1.00901   1.05514   1.00366
   1.00901   1.05368   1.00605
   1.00901   1.04187   1.00607
   1.00901   1.06228   1.00574
   1.00901   1.05591   1.00687
   1.00901   1.06987   1.00505
   1.00901   1.06505   1.00467
   1.00901   1.04841   1.00607
   1.00901   1.04406   1.00558
   1.00901   1.03797   1.00505
   1.00901   1.04214   1.00397
   1.00901   1.05734   1.00312
   1.00901   1.04805   1.00371
   1.00901   1.05277   1.00185
   1.00901   1.05767   1.00602
   1.00901   1.03864   1.00445
   1.00901   1.06826   1.00609
   1.00901   1.03689   1.00845
   1.00901   1.05940   1.00532
   1.00901   1.04820   1.00888
   1.00901   1.06265   1.00474
   1.00901   1.04865   1.00380
   1.00901   1.06839   1.00551
   1.00901   1.05434   1.00469
   1.00901   1.05797   1.00450
   1.00901   1.03902   1.00597
   1.00901   1.00439   1.00599
   1.00901   1.04034   1.00617
   1.00901   1.07383   1.00536
   1.00901   1.06848   1.00670
   1.00901   1.06720   1.00682
   1.00901   1.06654   1.00431
   1.00901   1.04607   1.00729
   1.00901   1.07465   1.00487
   1.00901   1.05549   1.00521
   1.00901   1.06221   1.00619
   1.00901   1.08209   1.00503
   1.00901   1.08342   1.00477
   1.00901   1.04851   1.00312
   1.00901   1.03938   1.00471
   1.00901   1.03719   1.00322
   1.00901   1.05877   1.00545
   1.00901   1.07443   1.00424
   1.00901   1.06045   1.00581
   1.00901   1.05447   1.00301
   1.00901   1.04778   1.00416
   1.00901   1.03632   1.00283
   1.00901   1.03934   1.00415
   1.00901   1.07043   1.00305
   1.00901   1.05200   1.00557
   1.00901   1.05337   1.00329
   1.00901   1.04063   1.00572
   1.00901   1.05624   1.00577
   1.00901   1.08637   1.00437
   1.00901   1.04977   1.00517
   1.00901   1.04417   1.00817
   1.00901   1.08405   1.00370
   1.00901   1.05235   1.00474
   1.00901   1.05482   1.00571
   1.00901   1.06486   1.00172
   1.00901   1.05769   1.00389
   1.00901   1.04114   1.00411
   1.00901   1.06101   1.00220
   1.00901   1.05037   1.00458
   1.00901   1.07771   1.00413
   1.00901   1.07435   1.00610
   1.00901   1.07705   1.00520
   1.00901   1.06978   1.00321
   1.00901   1.09330   1.00238
   1.00901   1.06087   1.00646
   1.00901   1.06988   1.00552
   1.00901   1.05621   1.00406
   1.00901   1.05459   1.00419
   1.00901   1.07156   1.00729
   1.00901   1.09447   1.00456
   1.00901   1.05154   1.00250
   1.00901   1.04280   1.00450
   1.00901   1.06297   1.00621
   1.00901   1.06290   1.00748
   1.00901   1.05375   1.00588
   1.00901   1.06522   1.00449
   1.00901   1.03153   1.00564
   1.00901   1.06941   1.00531
   1.00901   1.07178   1.00610
   1.00901   1.04688   1.00584
   1.00901   1.06485   1.00459
   1.00901   1.06499   1.00436
   1.00901   1.06500   1.00007
   1.00901   1.05318   1.00641
   1.00901   1.05526   1.00373
   1.00901   1.07992   1.00603
   1.00918   1.06649   1.00918
   1.00918   1.04920   1.00649
   1.00918   1.06246   1.00555
   1.00918   1.06963   1.00779
   1.00918   1.07099   1.00466
   1.00918   1.07234   1.00319
   1.00918   1.07512   0.99959
   1.00918   1.04249   1.00540
   1.00918   1.04034   1.00205
   1.00918   1.05806   1.00101
   1.00918   1.05600   1.00592
   1.00918   1.07038   1.00375
   1.00918   1.07645   1.00427
   1.00918   1.07875   1.00336
   1.00918   1.07107   1.00368
   1.00918   1.05910   1.00571
   1.00918   1.05458   1.00390
   1.00918   1.05331   1.00420
   1.00918   1.05006   1.00667
   1.00918   1.05607   1.00588
   1.00918   1.04936   1.00482
   1.00918   1.03138   1.00708
   1.00918   1.06634   1.00725
   1.00918   1.06038   1.00751
   1.00918   1.04739   1.00801
   1.00918   1.06130   1.00810
   1.00918   1.04083   1.00472
   1.00918   1.06243   1.00336
   1.00918   1.06535   1.00596
   1.00918   1.05064   1.00655
   1.00918   1.04263   1.00577
   1.00918   1.07412   1.00636
   1.00918   1.06356   1.00716
   1.00918   1.06603   1.00771
   1.00918   1.04734   1.00886
   1.00918   1.07004   1.00419
   1.00918   1.05249   1.00496
   1.00918   1.05658   1.00352
   1.00918   1.07966   1.00297
   1.00918   1.09299   1.00565
   1.00918   1.06906   1.00448
   1.00918   1.05170   1.00434
   1.00918   1.07416   1.00698
   1.00918   1.04830   1.00467
   1.00918   1.06948   1.00497
   1.00918   1.04714   1.00160
   1.00918   1.07262   1.00664
   1.00918   1.08082   1.00388
   1.00918   1.03386   1.00605
   1.00918   1.05772   1.00505
   1.00918   1.04630   1.00555
   1.00918   1.04748   1.00449
   1.00918   1.05090   1.00389
   1.00918   1.07586   1.00020
   1.00918   1.05643   1.00368
   1.00918   1.05129   1.00317
   1.00918   1.06693   1.00604
   1.00918   1.05725   1.00591
   1.00918   1.01868   1.00607
   1.00918   1.02959   1.00534
   1.00918   1.04682   1.00410
   1.00918   1.03606   1.00429
   1.00918   1.05589   1.00711
   1.00918   1.05964   1.00634
   1.00918   1.04972   1.00308
   1.00918   1.06324   1.00441
   1.00918   1.05746   1.00612
   1.00918   1.04203   1.00556
   1.00918   1.04548   1.00621
   1.00918   1.04256   1.00348
   1.00918   1.05901   1.00510
   1.00918   1.05779   1.00211
   1.00918   1.03216   1.00728
   1.00918   1.06472   1.00526
   1.00918   1.06578   1.00478
   1.00918   1.04254   1.00389
   1.00918   1.05017   1.00517
   1.00918   1.05214   1.00435
   1.00918   1.06542   1.00484
   1.00918   1.06677   1.00519
   1.00918   1.05182   1.00451
   1.00918   1.06601   1.00334
   1.00918   1.06674   1.00750
   1.00918   1.04473   1.00629
   1.00918   1.04192   1.00788
   1.00918   1.04550   1.00488
   1.00918   1.07240   1.00239
   1.00918   1.05640   1.00397
   1.00918   1.05028   1.00448
   1.00918   1.03572   1.00353
   1.00918   1.05033   1.00662
   1.00918   1.06874   1.00114
   1.00918   1.05593   1.00483
   1.00918   1.05088   1.00541
   1.00918   1.04532   1.00585
   1.00918   1.06543   1.00412
   1.00918   1.06175   1.00193
   1.00918   1.05994   1.00625
   1.00918   1.05572   1.00718
   1.00918   1.02984   1.00710
   1.00918   1.04271   1.00264
   1.00918   1.04661   1.00669
   1.00918   1.04754   1.00843
   1.00918   1.04980   1.00320
   1.01045   1.06110   1.01045
   1.01045   1.05296   1.00472
   1.01045   1.05774   1.00291
   1.01045   1.05753   1.00415
   1.01045   1.05471   1.00617
   1.01045   1.06298   1.00592
   1.01045   1.06718   1.00283
   1.01045   1.04564   1.00165
   1.01045   1.05300   1.00376
   1.01045   1.05594   1.00390
   1.01045   1.04223   1.00819
   1.01045   1.03383   1.00510
   1.01045   1.05000   1.00523
   1.01045   1.07729   1.00643
   1.01045   1.04828   1.00425
   1.01045   1.05954   1.00654
   1.01045   1.07539   1.00519
   1.01045   1.04863   1.00730
   1.01045   1.08264   1.00573
   1.01045   1.04759   1.00313
   1.01045   1.05416   1.00437
   1.01045   1.05253   0.99987
   1.01045   1.06838   1.00354
   1.01045   1.04753   1.00416
   1.01045   1.07761   1.00535
   1.01045   1.09282   1.00483
   1.01045   1.06245   1.00402
   1.01045   1.06225   1.00670
   1.01045   1.06136   1.00335
   1.01045   1.05542   1.00587
   1.01045   1.05739   1.00687
   1.01045   1.06838   1.00444
   1.01045   1.05269   1.00525
   1.01045   1.06206   1.00531
   1.01045   1.06567   1.00538
   1.01045   1.06489   1.00648
   1.01045   1.04753   1.00433
   1.01045   1.05171   1.00648
   1.01045   1.07511   1.00239
   1.01045   1.06083   1.00361
   1.01045   1.03883   1.00486
   1.01045   1.06994   1.00792
   1.01045   1.04365   1.00402
   1.01045   1.05878   1.00565
   1.01045   1.06418   1.00429
   1.01045   1.06398   1.00282
   1.01045   1.05880   1.00437
   1.01045   1.07094   1.00544
   1.01045   1.06011   1.00533
   1.01045   1.05744   1.00421
   1.01045   1.05309   1.00690
   1.01045   1.06855   1.00578
   1.01045   1.09010   1.00543
   1.01045   1.06061   1.00288
   1.01045   1.07017   1.00471
   1.01045   1.06412   1.00350
   1.01045   1.05861   1.00389
   1.01045   1.06134   1.00389
   1.01045   1.05986   1.00275
   1.01045   1.06537   1.00421
   1.01045   1.06361   1.00511
   1.01045   1.04457   1.00573
   1.01045   1.05506   1.00563
   1.01045   1.06006   1.00562
   1.01045   1.03506   1.00205
   1.01045   1.05334   1.00510
   1.01045   1.04834   1.00625
   1.01045   1.03207   1.00635
   1.01045   1.04270   1.00244
   1.01045   1.03859   1.00632
   1.01045   1.05514   1.00480
   1.01045   1.03941   1.00380
   1.01045   1.06194   1.00623
   1.01045   1.05352   1.00695
   1.01045   1.04130   1.00304
   1.01045   1.05456   1.00459
   1.01045   1.07129   1.00384
   1.01045   1.08718   1.00532
   1.01045   1.06607   1.00450
   1.01045   1.04371   1.00551
   1.01045   1.07505   1.00351
   1.01045   1.06559   1.00469
   1.01045   1.04585   1.00386
   1.01045   1.05688   1.00730
   1.01045   1.06492   1.00527
   1.01045   1.05882   1.00568
   1.01045   1.04779   1.00559
   1.01045   1.08344   1.00552
   1.01045   1.05561   1.00373
   1.01045   1.04752   1.00486
   1.01045   1.04500   1.00511
   1.01045   1.06972   1.00351
   1.01045   1.05310   1.00632
   1.01045   1.04862   1.00480
   1.01045   1.03580   1.00489
   1.01045   1.09133   1.00388
   1.01045   1.08622   1.00120
   1.01045   1.06552   1.00721
   1.01045   1.04554   1.00288
   1.01045   1.06854   1.00796
   1.01045   1.05346   1.00518
   1.01045   1.05281   1.00369
   1.01045   1.04630   1.00257
   1.01045   1.06039   1.00200
   1.01045   1.05607   1.00190
   1.01045   1.04888   1.00634
   1.01045   1.04771   1.00748
   1.01045   1.04276   1.00250
   1.01045   1.04975   1.00568
   1.01045   1.05179   1.00444
   1.01045   1.06014   1.00163
   1.01045   1.05179   1.00384
   1.01045   1.06767   1.00308
   1.01045   1.05893   1.00503
   1.01045   1.05281   1.00415
   1.01045   1.05665   1.00480
   1.01045   1.05790   1.00341
   1.01045   1.06985   1.00206
   1.01045   1.05394   1.00537
   1.01045   1.05856   1.00762
   1.01045   1.03495   1.00271
   1.01045   1.04594   1.00783
   1.01045   1.04235   1.00586
   1.01045   1.05794   1.00458
   1.01045   1.04079   1.00388
   1.01045   1.04518   1.00762
   1.01045   1.03976   1.00571
   1.01045   1.05078   1.00474
   1.01045   1.04621   1.00509
   1.01045   1.05838   1.00776
   1.01045   1.05987   1.00308
   1.01045   1.07095   1.00314
   1.01045   1.04036   1.00411
   1.01045   1.08072   1.00424
   1.01045   1.04828   1.00545
   1.01045   1.04926   1.00438
   1.01045   1.05059   1.00576
   1.01045   1.03103   1.00531
   1.01045   1.05373   1.00693
   1.01045   1.03878   1.00312
   1.01045   1.06230   1.00681
   1.01045   1.05674   1.00403
   1.01045   1.06491   1.00846
   1.01045   1.04279   1.00449
   1.01045   1.05201   1.00471
   1.01045   1.03982   1.00310
   1.01045   1.04205   1.00488
   1.01045   1.04729   1.00524
   1.01045   1.04279   1.00254
   1.01045   1.06736   1.00355
   1.01045   1.07867   1.00213
   1.01045   1.05851   1.00843
   1.01045   1.05234   1.00622
   1.01045   1.05596   1.00583
   1.01045   1.06054   1.00330
   1.01045   1.08245   1.00609
   1.01045   1.05380   1.00373
   1.01045   1.04050   1.00780
   1.01045   1.02711   1.00327
   1.01045   1.04550   1.00564
   1.01045   1.05082   1.00275
   1.01045   1.04739   1.00333
   1.01045   1.03787   1.00710
   1.01045   1.04490   1.00534
   1.01045   1.04718   1.00603
   1.01045   1.02445   1.00725
   1.01045   1.05207   1.00606
   1.01045   1.07290   1.00649
   1.01045   1.05502   1.00396
   1.01045   1.07248   1.00304
   1.01045   1.06773   1.00490
   1.01045   1.05085   1.00375
   1.01045   1.06919   1.00553
   1.01045   1.04198   1.00134
   1.01045   1.05420   1.00338
   1.01045   1.05520   1.00531
   1.01045   1.05971   1.00385
   1.01045   1.05988   1.00174
   1.01045   1.07103   1.00198
   1.01045   1.06389   1.00472
   1.01045   1.05575   1.00384
   1.01045   1.05676   0.99999
   1.01045   1.04990   1.00333
   1.01045   1.04721   1.00284
   1.01045   1.05301   1.00589
   1.01045   1.08504   1.00788
   1.01045   1.05173   1.00942
   1.01045   1.03849   1.00283
   1.01045   1.04613   1.00682
   1.01045   1.06621   1.00091
   1.01045   1.05094   1.00426
   1.01045   1.04818   1.00782
   1.01045   1.05379   1.00538
   1.01045   1.06220   1.00505
   1.01045   1.07559   1.00359
   1.01045   1.05436   1.00624
   1.01045   1.07899   1.00411
   1.01045   1.07046   1.00501
   1.01045   1.05273   1.00541
   1.01045   1.08098   1.00856
   1.01045   1.03310   1.00594
   1.01045   1.07346   1.00562
   1.01045   1.05567   1.00358
   1.01045   1.06450   1.00034
   1.01045   1.05520   1.00470
   1.01045   1.04813   1.00191
   1.01045   1.03245   1.00520
   1.01045   1.03242   1.00393
   1.01045   1.03227   1.00724
   1.01045   1.06933   1.00124
   1.01045   1.05207   1.00563
   1.01045   1.06080   1.00537
   1.01045   1.05470   1.00670
   1.01045   1.03884   1.00660
   1.01045   1.05166   1.00374
   1.01045   1.05432   1.00669
   1.01045   1.04414   1.00721
   1.01045   1.05436   1.00465
   1.01045   1.06123   1.00534
   1.01045   1.05836   1.00431
   1.01045   1.05945   1.00506
   1.01045   1.03857   1.00645
   1.01045   1.07281   1.00423
   1.01045   1.08040   1.00337
   1.01045   1.05514   1.00512
   1.01045   1.05992   1.00393
   1.01045   1.04270   1.00480
   1.01045   1.06659   1.00511
   1.01045   1.06621   1.00569
   1.01045   1.05954   1.00520
   1.01045   1.07460   1.00528
   1.01045   1.06792   1.00585
   1.01045   1.07850   1.00282
   1.01045   1.07830   1.00790
   1.01045   1.06670   1.00555
   1.01045   1.06943   1.00388
   1.01045   1.08044   1.00576
   1.01045   1.06814   1.00524
   1.01045   1.07282   1.00455
   1.01045   1.08680   1.00369
   1.01045   1.06873   1.00538
   1.01045   1.05693   1.00522
   1.01045   1.05959   1.00394
   1.01045   1.05041   1.00355
   1.01045   1.06030   1.00436
   1.01045   1.04529   1.00564
   1.01045   1.04651   1.00757
   1.01045   1.08800   1.00467
   1.01045   1.06478   1.00633
   1.01045   1.05987   1.00626
   1.01045   1.06929   1.00209
   1.01045   1.04375   1.00318
   1.01045   1.05445   1.00639
   1.01045   1.07145   1.00334
   1.01045   1.07009   1.00559
   1.01045   1.07620   1.00227
   1.01045   1.07219   1.00201
   1.01045   1.08403   1.00041
   1.01045   1.06236   1.00522
   1.01045   1.07091   1.00521
   1.01045   1.03625   1.00235
   1.01045   1.06575   1.00398
   1.01045   1.05907   1.00205
   1.01045   1.05204   1.00410
   1.01045   1.05454   1.00345
   1.01045   1.05268   1.00330
   1.01045   1.05856   0.99964
   1.01045   1.06349   1.00176
   1.01045   1.04584   1.00278
   1.01045   1.05495   1.00412
   1.01045   1.04397   1.00699
   1.01045   1.03753   1.00870
   1.01045   1.05636   1.00497
   1.01045   1.02785   1.00380
   1.01045   1.04135   1.00218
   1.01045   1.02935   1.00563
   1.01045   1.03125   1.00482
   1.01045   1.07192   1.00329
   1.01045   1.09043   1.00268
   1.01045   1.04832   1.00653
   1.01045   1.06937   1.00740
   1.01045   1.04555   1.00715
   1.01045   1.03500   1.00505
   1.01045   1.03662   1.00519
   1.01045   1.07007   1.00685
   1.01045   1.06807   1.00519
   1.01045   1.05138   1.00686
   1.01045   1.04747   1.00381
   1.01045   1.04206   1.00658
   1.01045   1.06462   1.00620
   1.01045   1.08166   1.00408
   1.01045   1.07539   1.00412
   1.01045   1.06401   1.00414
   1.01045   1.08653   1.00600
   1.01045   1.08209   1.00358
   1.01045   1.08345   1.00336
   1.01045   1.06081   1.00469
   1.01045   1.06699   1.00292
   1.01045   1.05992   1.00173
   1.01045   1.07179   1.00094
   1.01045   1.04378   1.00176
   1.01045   1.05899   1.00591
   1.01045   1.06524   1.00520
   1.01045   1.04229   1.00453
   1.01045   1.07139   1.00718
   1.01045   1.07274   1.00510
   1.01045   1.05130   1.00657
   1.01045   1.04464   1.00671
   1.01045   1.06766   1.00626
   1.01045   1.06741   1.00377
   1.01045   1.06569   1.00590
   1.01045   1.03495   1.00369
   1.01045   1.06310   1.00519
   1.01045   1.06358   1.00587
   1.01045   1.06246   1.00402
   1.01045   1.08902   1.00388
   1.01045   1.06761   1.00501
   1.01045   1.05060   1.00584
   1.01045   1.07393   1.00770
   1.01045   1.05019   1.00495
   1.01045   1.06771   1.00498
   1.01045   1.06950   1.00531
   1.01045   1.06911   1.00565
   1.01045   1.07984   1.00302
   1.01045   1.03340   1.00530
   1.01045   1.04230   1.00576
   1.01045   1.04621   1.00736
   1.01045   1.06328   1.00316
   1.01045   1.05935   1.00348
   1.01045   1.06619   1.00472
   1.01045   1.07925   1.00464
   1.01045   1.06902   1.00379
   1.01045   1.06695   1.00268
   1.01045   1.07599   1.00107
   1.01045   1.08505   1.00369
   1.01045   1.06244   1.00481
   1.01045   1.06153   1.00669
   1.01045   1.03338   1.00727
   1.01045   1.06333   1.00499
   1.01045   1.07041   1.00543
   1.01045   1.07306   1.00121
   1.01045   1.06326   1.00522
   1.01045   1.04548   1.00317
   1.01045   1.04691   1.00610
   1.01045   1.03812   1.00559
   1.01045   1.04464   1.00408
   1.01045   1.04818   1.00477
   1.01045   1.04339   1.00470
   1.01045   1.06007   1.00321
   1.01045   1.05126   1.00505
   1.01045   1.06301   1.00327
   1.01045   1.07803   1.00463
   1.01045   1.03937   1.00658
   1.01045   1.07595   1.00885
   1.01045   1.06682   1.00759
   1.01045   1.04871   1.00592
   1.01045   1.07576   1.00603
   1.01045   1.08309   1.00300
   1.01045   1.06718   1.00496
   1.01045   1.07161   1.00798
   1.01045   1.04968   1.00541
   1.01045   1.05790   1.00153
   1.01045   1.09188   1.00559
   1.01045   1.06890   1.00477
   1.01045   1.04927   1.00592
   1.01045   1.07361   1.00396
   1.01045   1.10547   1.00502
   1.01045   1.06954   1.00481
   1.01045   1.08229   1.00389
   1.01045   1.08213   1.00548
   1.01045   1.08319   1.00362
   1.01045   1.07511   0.99872
   1.01045   1.06765   0.99994
   1.01045   1.06796   1.00410
   1.01045   1.06766   1.00860
   1.01045   1.08198   1.00798
   1.01045   1.07002   1.00546
   1.01045   1.06285   1.00633
   1.01045   1.06655   1.00697
   1.01045   1.06487   1.00659
   1.01045   1.05964   1.00541
   1.01045   1.07146   1.00596
   1.01045   1.05479   1.00488
   1.01045   1.08046   1.00640
   1.01045   1.06193   1.00711
   1.01045   1.06969   1.00387
   1.01045   1.08442   1.00194
   1.01045   1.08157   1.00631
   1.01045   1.07103   1.00557
   1.01045   1.05754   1.00544
   1.01045   1.05929   1.00401
   1.01045   1.08655   1.00827
   1.01045   1.04698   1.00758
   1.01045   1.06293   1.00745
   1.01045   1.07794   1.00551
   1.01045   1.05787   1.00776
   1.01045   1.07665   1.00607
   1.01045   1.07225   1.00575
   1.01045   1.07530   1.00556
   1.01045   1.07163   1.00519
   1.01045   1.07271   1.00702
   1.01045   1.04916   1.00778
   1.01045   1.07804   1.00682
   1.01045   1.05984   1.00551
   1.01045   1.07841   1.00333
   1.01045   1.07313   1.00466
   1.01045   1.08596   1.00718
   1.01045   1.06300   1.00703
   1.01045   1.06252   1.00716
   1.01045   1.06323   1.00793
   1.01045   1.05207   1.00505
   1.01045   1.07005   1.00289
   1.01045   1.06280   1.00445
   1.01045   1.08065   1.00592
   1.01045   1.06653   1.00294
   1.01045   1.05458   1.00857
   1.01045   1.05500   1.00739
   1.01045   1.05921   1.00703
   1.01045   1.05136   1.00611
   1.01045   1.06906   1.00709
   1.01045   1.07490   1.00721
   1.01045   1.06536   1.00546
   1.01045   1.06701   1.00834
   1.01045   1.07080   1.00745
   1.01045   1.07215   1.00618
   1.01045   1.06726   1.00556
   1.01045   1.07470   1.00784
   1.01045   1.05940   1.00306
   1.01045   1.06412   1.00441
   1.01045   1.07423   1.00258
   1.01045   1.07323   1.00706
   1.01045   1.07242   1.00674
   1.01045   1.03831   1.00669
   1.01045   1.04276   1.00487
   1.01045   1.04848   1.00654
   1.01045   1.05419   1.00487
   1.01045   1.09049   1.00604
   1.01045   1.08456   1.00551
   1.01045   1.05461   1.00662
   1.01045   1.06428   1.00490
   1.01045   1.09239   1.00467
   1.01045   1.04295   1.00863
   1.01045   1.06671   1.00741
   1.01045   1.05778   1.00549
   1.01045   1.05434   1.00625
   1.01045   1.07194   1.00451
   1.01045   1.06330   1.00692
   1.01045   1.05862   1.00678
   1.01045   1.08035   1.00271
   1.01045   1.07662   1.00395
   1.01045   1.07281   1.00761
   1.01045   1.06687   1.00753
   1.01045   1.06955   1.00594
   1.01045   1.06629   1.00720
   1.01045   1.06982   1.00716
   1.01045   1.07886   1.00076
   1.01045   1.06597   1.00359
   1.01045   1.07153   1.00419
   1.01045   1.07344   1.00737
   1.01045   1.07335   1.00481
   1.01045   1.06708   1.00400
   1.01045   1.07166   1.00696
   1.01045   1.06782   1.00291
   1.01045   1.07363   1.00340
   1.01045   1.06691   1.00496
   1.01045   1.07157   1.00455
   1.01045   1.06608   1.00326
   1.01045   1.06134   1.00598
   1.01045   1.07571   1.00616
   1.01045   1.06751   1.00344
   1.01045   1.06052   1.00507
   1.01045   1.05890   1.00612
   1.01045   1.06128   1.00218
   1.01045   1.05486   1.00447
   1.01045   1.05253   1.00710
   1.01045   1.07682   1.00590
   1.01045   1.06760   1.00129
   1.01045   1.06559   1.00495
   1.01045   1.07541   1.00584
   1.01045   1.07207   1.00583
   1.01045   1.05798   1.00599
   1.01045   1.06568   1.00639
   1.01045   1.06444   1.00737
   1.01045   1.07022   1.00439
   1.01045   1.06114   1.00426
   1.01045   1.05830   1.00507
   1.01045   1.05684   1.00689
   1.01045   1.07494   1.00732
   1.01045   1.05866   1.00317
   1.01045   1.06557   1.00304
   1.01045   1.06462   1.00404
   1.01045   1.07673   1.00409
   1.01045   1.06013   1.00637
   1.01045   1.05746   1.00801
   1.01045   1.03787   1.00852
   1.01045   1.05257   1.00530
   1.01045   1.05510   1.00643
   1.01045   1.07455   1.00468
   1.01045   1.05413   1.00649
   1.01045   1.06494   1.00617
   1.01045   1.06725   1.00773
   1.01045   1.06787   1.00578
   1.01045   1.06427   1.00257
   1.01045   1.07636   1.00641
   1.01045   1.08738   1.00636
   1.01045   1.06620   1.00155
   1.01045   1.06918   1.00495
   1.01045   1.09007   1.00513
   1.01045   1.06619   1.00627
   1.01045   1.04836   1.00702
   1.01045   1.07023   1.00521
   1.01045   1.05167   1.00610
   1.01045   1.05468   1.00405
   1.01045   1.07028   1.00351
   1.01045   1.07481   1.00731
   1.01045   1.07763   1.00119
   1.01045   1.06565   1.00484
   1.01045   1.07073   1.00520
   1.01045   1.06962   1.00362
   1.01045   1.05541   1.00635
   1.01045   1.07711   1.00556
   1.01045   1.05460   1.00660
   1.01045   1.06089   1.00587
   1.01045   1.06849   1.00393
   1.01045   1.06732   1.00580
   1.01045   1.06874   1.00572
   1.01045   1.04784   1.00630
   1.01045   1.05247   1.00675
   1.01045   1.04919   1.00443
   1.01045   1.05865   1.00441
   1.01045   1.04754   1.00633
   1.01045   1.07146   1.00785
   1.01045   1.04814   1.00682
   1.01045   1.06148   1.00803
   1.01045   1.05623   1.00834
   1.01045   1.05129   1.00696
   1.01045   1.05483   1.00678
   1.01045   1.06258   1.00678
   1.01045   1.05473   1.00629
   1.01045   1.06616   1.00569
   1.01045   1.04237   1.00117
   1.01045   1.07468   1.00554
   1.01045   1.07074   1.00545
   1.01045   1.06680   1.00869
   1.01045   1.06015   1.00103
   1.01045   1.05051   1.00328
   1.01045   1.07199   1.00406
   1.01045   1.05569   1.00153
   1.01045   1.06494   1.00344
   1.01045   1.05561   1.00632
   1.01045   1.06765   1.00620
   1.01045   1.06745   1.00465
   1.01045   1.08657   1.00527
   1.01045   1.04027   1.00478
   1.01045   1.07687   1.00347
   1.01045   1.05144   1.00455
   1.01045   1.07903   1.00406
   1.01045   1.07033   1.00699
   1.01045   1.05728   1.00623
   1.01045   1.07768   1.00818
   1.01045   1.06612   1.00735
   1.01045   1.06361   1.00597
   1.01045   1.06102   1.00727
   1.01045   1.05616   1.00466
   1.01045   1.05310   1.00778
   1.01045   1.06106   1.00494
   1.01045   1.03501   1.00949
   1.01045   1.06409   1.00517
   1.01045   1.06840   1.00905
   1.01045   1.06849   1.00805
   1.01045   1.07696   1.00574
   1.01045   1.06557   1.00261
   1.01045   1.04902   1.00141
   1.01045   1.06457   1.00316
   1.01045   1.06551   1.00229
   1.01045   1.05564   1.00225
   1.01045   1.05588   1.00525
   1.01045   1.08134   1.00769
   1.01045   1.07869   1.00587
   1.01045   1.05978   1.00389
   1.01045   1.06035   1.00645
   1.01045   1.07200   1.00595
   1.01045   1.06634   1.00553
   1.01045   1.06728   1.00821
   1.01045   1.07218   1.00593
   1.01045   1.08012   1.00531
   1.01045   1.07576   1.00469
   1.01045   1.06898   1.00419
   1.01045   1.06676   1.00328
   1.01045   1.08272   1.00532
   1.01045   1.05875   1.00670
   1.01045   1.06667   1.00445
   1.01045   1.06230   1.00613
   1.01045   1.08684   1.00704
   1.01045   1.05437   1.00692
   1.01045   1.04106   1.00550
   1.01045   1.02905   1.00676
   1.01045   1.06126   1.00633
   1.01045   1.06791   1.00546
   1.01045   1.06795   1.00414
   1.01045   1.06952   1.00319
   1.01045   1.06855   1.00404
   1.01045   1.05671   1.00470
   1.01045   1.05950   1.00436
   1.01045   1.06566   1.00461
   1.01045   1.07494   1.00695
   1.01045   1.05850   1.00540
   1.01045   1.07906   1.00546
   1.01045   1.08164   1.00613
   1.01045   1.07354   1.00717
   1.01045   1.05996   1.00472
   1.01045   1.05994   1.00651
   1.01045   1.06828   1.00283
   1.01045   1.07713   1.00514
   1.01045   1.06985   1.00459
   1.01045   1.06794   1.00506
   1.01045   1.06736   1.00531
   1.01045   1.06437   1.00326
   1.01045   1.07135   1.00361
   1.01045   1.07084   1.00614
   1.01045   1.04666   1.00610
   1.01045   1.08468   1.00714
   1.01045   1.05711   1.00547
   1.01045   1.01212   1.00870
   1.01045   1.05732   1.00790
   1.01045   1.05716   1.00883
   1.01045   1.05205   1.00654
   1.01045   1.05997   1.00660
   1.01045   1.05401   1.00733
   1.01045   1.06556   1.00739
   1.01045   1.06016   1.00504
   1.01045   1.06929   1.00262
   1.01045   1.06826   1.00195
   1.01045   1.05415   1.00293
   1.01045   1.06307   1.00268
   1.01045   1.06260   1.00321
   1.01045   1.06996   1.00387
   1.01045   1.07755   1.00117
   1.01045   1.06971   1.00881
   1.01045   1.05059   1.00475
   1.01045   1.05440   1.00563
   1.01045   1.07916   1.00575
   1.01045   1.04566   1.00722
   1.01045   1.06562   1.00626
   1.01045   1.07513   1.00505
   1.01045   1.06046   1.00530
   1.01045   1.07252   1.00564
   1.01045   1.06533   1.00751
   1.01045   1.07239   1.00258
   1.01045   1.05592   1.00377
   1.01045   1.07035   1.00659
   1.01045   1.05886   1.00552
   1.01045   1.07219   1.00317
   1.01045   1.06437   1.00538
   1.01045   1.07537   1.00560
   1.01045   1.07041   1.00420
   1.01045   1.05877   1.00773
   1.01045   1.09320   1.00779
   1.01045   1.07987   1.00658
   1.01045   1.06781   1.00620
   1.01045   1.06480   1.00654
   1.01045   1.07570   1.00572
   1.01045   1.06493   1.00524
   1.01045   1.07201   1.00822
   1.01045   1.05701   1.00446
   1.01045   1.06949   1.00652
   1.01045   1.08366   1.00626
   1.01045   1.08734   0.99890
   1.01045   1.05604   1.00368
   1.01045   1.05902   1.00673
   1.01045   1.07087   1.00721
   1.01045   1.06283   1.00530
   1.01045   1.04426   1.00746
   1.01045   1.05876   1.00692
   1.01045   1.04841   1.00437
   1.01045   1.06260   1.00659
   1.01045   1.06146   1.00281
   1.01045   1.04184   1.00547
   1.01045   1.05069   1.00548
   1.01045   1.08567   1.00528
   1.01045   1.07410   1.00529
   1.01045   1.06354   1.00567
   1.01045   1.05449   1.00499
   1.01045   1.05535   1.00603
   1.01045   1.05169   1.00554
   1.01045   1.07882   1.00627
   1.01045   1.05630   1.00536
   1.01045   1.03712   1.00640
   1.01045   1.08310   1.00575
   1.01045   1.06139   1.00413
   1.01045   1.04947   1.00603
   1.01045   1.08003   1.00724
   1.01045   1.05912   1.00415
   1.01045   1.06610   1.00332
   1.01045   1.08457   1.00365
   1.01045   1.07047   1.00281
   1.01045   1.06777   1.00384
   1.01045   1.06869   1.00165
   1.01045   1.05961   1.00358
   1.01045   1.06731   1.00833
   1.01045   1.05675   1.00442
   1.01045   1.07327   1.00860
   1.01045   1.07155   1.00476
   1.01045   1.04968   1.00380
   1.01045   1.06812   1.00516
   1.01045   1.07935   1.00400
   1.01045   1.05752   1.00312
   1.01045   1.06519   1.00673
   1.01045   1.07209   1.00833
   1.01045   1.05874   1.00679
   1.01045   1.07708   1.00549
   1.01045   1.07190   1.00474
   1.01045   1.07961   1.00602
   1.01045   1.06983   1.00344
   1.01045   1.07414   1.00615
   1.01045   1.06112   1.00632
   1.01045   1.06056   1.00628
   1.01045   1.07419   0.99999
   1.01045   1.05937   1.00279
   1.01045   1.07679   1.00282
   1.01045   1.06203   1.00110
   1.01045   1.08893   1.00471
   1.01045   1.05494   1.00465
   1.01045   1.07598   1.00319
   1.01045   1.03761   1.00582
   1.01045   1.07913   1.00569
   1.01045   1.03520   1.00616
   1.01045   1.09206   1.00581
   1.01045   1.06590   1.00836
   1.01045   1.08696   1.00516
   1.01045   1.06054   1.00894
   1.01045   1.05409   1.00519
   1.01045   1.06570   1.00463
   1.01045   1.07601   1.00648
   1.01045   1.05473   1.00206
   1.01045   1.05550   1.00661
   1.01045   1.07488   1.00869
   1.01045   1.05285   1.00796
   1.01045   1.05937   1.00675
   1.01045   1.07248   1.00518
   1.01045   1.05681   1.00690
   1.01045   1.06664   1.00407
   1.01045   1.06624   1.00571
   1.01045   1.06472   1.00730
   1.01045   1.06614   1.00730
   1.01045   1.06096   1.00417
   1.01045   1.06255   1.00534
   1.01045   1.06009   1.00140
   1.01045   1.08127   1.00494
   1.01045   1.06056   1.00314
   1.01045   1.03480   1.00318
   1.01045   1.03491   1.00310
   1.01045   1.06699   1.00333
   1.01045   1.06089   1.00265
   1.01045   1.06622   1.00670
   1.01045   1.07236   1.00675
   1.01045   1.05552   1.00637
   1.01045   1.05110   1.00574
   1.01045   1.08237   1.00469
   1.01045   1.03735   1.00792
   1.01045   1.05206   1.00600
   1.01045   1.07202   1.00635
   1.01045   1.08057   1.00275
   1.01045   1.09412   1.00209
   1.01045   1.07027   1.00436
   1.01045   1.07219   1.00595
   1.01045   1.09430   0.99971
   1.01045   1.07571   1.00204
   1.01045   1.04963   1.00567
   1.01045   1.03455   1.00605
   1.01045   1.06696   1.00584
   1.01045   1.07619   1.00853
   1.01045   1.05980   1.00593
   1.01045   1.05726   1.00763
   1.01045   1.04555   1.00839
   1.01045   1.05899   1.00757
   1.01045   1.06548   1.00527
   1.01045   1.07333   1.00373
   1.01045   1.06098   1.00728
   1.01045   1.03072   1.00636
   1.01045   1.03109   1.00124
   1.01045   1.07241   1.00224
   1.01045   1.06549   1.00732
   1.01045   1.06347   1.00833
   1.01045   1.06443   1.00451
   1.01045   1.07963   1.00630
   1.01045   1.08726   1.00684
   1.01045   1.07689   1.00252
   1.01045   1.04819   1.00353
   1.01045   1.06029   1.00494
   1.01045   1.06440   1.00736
   1.01045   1.06764   1.00691
   1.01045   1.08477   1.00502
   1.01045   1.04455   1.00769
   1.01045   1.06979   1.00534
   1.01045   1.05710   1.00649
   1.01045   1.02798   1.00616
   1.01045   1.05012   1.00466
   1.01045   1.04464   1.00458
   1.01045   1.07219   1.00180
   1.01045   1.08845   1.00443
   1.01045   1.07318   1.00399
   1.01045   1.07959   1.00369
   1.01045   1.06760   1.00674
   1.01045   1.08316   1.00407
   1.01045   1.07195   1.00720
   1.01045   1.05682   1.00362
   1.01045   1.05901   1.00610
   1.01045   1.07744   1.00721
   1.01045   1.07657   1.00495
   1.01045   1.08353   1.00438
   1.01045   1.06748   1.00453
   1.01045   1.06867   1.00757
   1.01045   1.07826   1.00252
   1.01045   1.06600   1.00571
   1.01045   1.05219   1.00476
   1.01045   1.07323   1.00268
   1.01045   1.07752   1.00511
   1.01045   1.07619   1.00469
   1.01045   1.05990   1.00769
   1.01045   1.05862   1.00670
   1.01045   1.06931   1.00900
   1.01045   1.04995   1.00603
   1.01045   1.05688   1.00740
   1.01045   1.08560   1.00522
   1.01045   1.05384   1.00642
   1.01045   1.06848   1.00624
   1.01045   1.06373   1.00676
   1.01045   1.06549   1.00586
   1.01045   1.05732   1.00319
   1.01045   1.06169   1.00456
   1.01045   1.06536   1.00448
   1.01045   1.07074   1.00458
   1.01045   1.07535   1.00550
   1.01045   1.06861   1.00581
   1.01045   1.07115   1.00460
   1.01045   1.07200   1.00484
   1.01045   1.08799   1.00445
   1.01045   1.06344   1.00596
   1.01045   1.07423   1.00706
   1.01045   1.05964   1.00857
   1.01045   1.07022   1.00638
   1.01045   1.07288   1.00554
   1.01045   1.06247   1.00765
   1.01045   1.06664   1.00393
   1.01045   1.07469   0.99993
   1.01045   1.08455   1.00441
   1.01045   1.07579   1.00460
   1.01045   1.06168   1.00597
   1.01045   1.06051   1.00851
   1.01045   1.04837   1.00703
   1.01045   1.08255   1.00808
   1.01045   1.05465   1.00656
   1.01045   1.05503   1.00824
   1.01045   1.05298   1.00698
   1.01045   1.07605   1.00409
   1.01045   1.08845   1.00309
   1.01045   1.06711   1.00342
   1.01045   1.07401   1.00467
   1.01045   1.06946   1.00590
   1.01045   1.06739   1.00674
   1.01045   1.06786   1.00614
   1.01045   1.05905   1.00366
   1.01045   1.03203   1.00546
   1.01045   1.06209   1.00369
   1.01045   1.07525   1.00640
   1.01045   1.08136   1.00671
   1.01045   1.08084   1.00647
   1.01045   1.08093   1.00504
   1.01045   1.06157   1.00239
   1.01045   1.07159   1.00516
   1.01045   1.04241   1.00665
   1.01045   1.07054   1.00669
   1.01045   1.08820   1.00703
   1.01045   1.06423   1.00442
   1.01045   1.05065   1.00317
   1.01045   1.08304   1.00643
   1.01045   1.07296   1.00412
   1.01045   1.05967   1.00646
   1.01045   1.05012   1.00710
   1.01045   1.07335   1.00525
   1.01045   1.09234   1.00314
   1.01045   1.06898   1.00434
   1.01045   1.05966   1.00639
   1.01045   1.08509   1.00418
   1.01045   1.08047   1.00543
   1.01045   1.08993   1.00321
   1.01045   1.08724   1.00645
   1.01045   1.07835   1.00182
   1.01045   1.04790   1.00579
   1.01045   1.07518   1.00600
   1.01045   1.06488   1.00426
   1.01045   1.06843   1.00710
   1.01045   1.05981   1.00729
   1.01045   1.08203   1.00649
   1.01045   1.07639   1.00629
   1.01045   1.07911   1.00559
   1.01045   1.06436   1.00716
   1.01045   1.07662   1.00441
   1.01045   1.08092   1.00228
   1.01045   1.05619   1.00278
   1.01045   1.07393   1.00321
   1.01045   1.06781   1.00682
   1.01045   1.05628   1.00420
   1.01045   1.04658   1.00558
   1.01045   1.05965   1.00866
   1.01045   1.07324   1.00658
   1.01045   1.06596   1.00476
   1.01045   1.06469   1.00076
   1.01045   1.05905   1.00235
   1.01045   1.08367   1.00511
   1.01045   1.07566   1.00266
   1.01045   1.05805   1.00141
   1.01045   1.06218   1.00360
   1.01045   1.07063   1.00184
   1.01045   1.07776   1.00106
   1.01045   1.07246   1.00338
   1.01045   1.06347   1.00309
   1.01045   1.08242   1.00806
   1.01045   1.07731   1.00208
   1.01045   1.08826   1.00878
   1.01045   1.05770   1.00659
   1.01045   1.07305   1.00447
   1.01045   1.07454   1.00501
   1.01045   1.07321   1.00656
   1.01045   1.08024   1.00713
   1.01045   1.07613   1.00721
   1.01045   1.05198   1.00379
   1.01045   1.05365   1.00610
   1.01045   1.05747   1.00769
   1.01045   1.04610   1.00833
   1.01045   1.08022   1.00748
   1.01045   1.05772   1.00516
   1.01045   1.05417   1.00677
   1.01045   1.05055   1.00707
   1.01045   1.05680   1.00683
   1.01045   1.07313   1.00499
   1.01045   1.06800   1.00136
   1.01045   1.07655   1.00505
   1.01045   1.08788   1.00469
   1.01045   1.06787   1.00906
   1.01045   1.05949   1.00475
   1.01045   1.08002   1.00416
   1.01045   1.06264   1.00751
   1.01045   1.06248   1.00869
   1.01045   1.06011   1.00562
   1.01045   1.05029   1.00690
   1.01045   1.05269   1.00552
   1.01045   1.06865   1.00256
   1.01045   1.08887   1.00422
   1.01045   1.03914   1.00589
   1.01045   1.06480   1.00833
   1.01045   1.06075   1.00693
   1.01045   1.07449   1.00044
   1.01045   1.08030   1.00164
   1.01045   1.05364   1.00663
   1.01045   1.06342   1.00437
   1.01045   1.06373   1.00340
   1.01045   1.05998   1.00407
   1.01045   1.07081   1.00465
   1.01045   1.05880   1.00620
   1.01045   1.06989   1.00504
   1.01045   1.05125   1.00541
   1.01045   1.07302   1.00524
   1.01045   1.07282   1.00367
   1.01045   1.08022   1.00303
   1.01045   1.07718   1.00216
   1.01045   1.08756   1.00230
   1.01045   1.07882   1.00428
   1.01045   1.08713   1.00383
   1.01045   1.05446   1.00348
   1.01045   1.08630   1.00423
   1.01045   1.07567   1.00446
   1.01045   1.05810   1.00752
   1.01045   1.07741   1.00607
   1.01045   1.06252   1.00413
   1.01045   1.05290   1.00593
   1.01045   1.05445   1.00674
   1.01045   1.06408   1.00648
   1.01045   1.06511   1.00086
   1.01045   1.09637   1.00390
   1.01045   1.08961   1.00215
   1.01045   1.08588   1.00388
   1.01045   1.08038   1.00256
   1.01045   1.07884   1.00459
   1.01045   1.07769   1.00267
   1.01045   1.07191   1.00420
   1.01045   1.06472   1.00776
   1.01045   1.04829   1.00598
   1.01045   1.06064   1.00673
   1.01045   1.05540   1.00244
   1.01045   1.05329   1.00479
   1.01045   1.07896   1.00655
   1.01045   1.06010   1.00569
   1.01045   1.06204   1.00471
   1.01045   1.06240   1.00768
   1.01045   1.08456   1.00338
   1.01045   1.07593   1.00540
   1.01045   1.06162   1.00902
   1.01045   1.06126   1.00423
   1.01045   1.06893   1.00683
   1.01045   1.06108   1.00713
   1.01045   1.06865   1.00473
   1.01045   1.06849   1.00714
   1.01045   1.04584   1.00687
   1.01045   1.07560   1.00372
   1.01045   1.06812   1.00482
   1.01045   1.07740   1.00493
   1.01045   1.06487   1.00550
   1.01045   1.04323   1.00457
   1.01045   1.06889   1.00485
   1.01045   1.05723   1.00636
   1.01045   1.05777   1.00700
   1.01045   1.05620   1.00532
   1.01045   1.08762   1.00683
   1.01045   1.06878   1.00523
   1.01045   1.05907   1.00540
   1.01045   1.08510   1.00426
   1.01045   1.08779   1.00381
   1.01045   1.07458   1.00619
   1.01045   1.07276   1.00318
   1.01045   1.06690   1.00623
   1.01045   1.05548   1.00595
   1.01045   1.05445   1.00778
   1.01045   1.07152   1.00748
   1.01045   1.05605   1.00811
   1.01045   1.05695   1.00628
   1.01045   1.06811   1.00299
   1.01045   1.05847   1.00690
   1.01045   1.06030   1.00721
   1.01045   1.07738   1.00598
   1.01045   1.03629   1.00171
   1.01045   1.06331   1.00779
   1.01045   1.06037   1.00289
   1.01045   1.05304   1.00667
   1.01045   1.10008   1.00501
   1.01045   1.05807   1.00494
   1.01045   1.07719   1.00407
   1.01045   1.06150   1.00134
   1.01045   1.06021   1.00536
   1.01045   1.04916   1.00329
   1.01045   1.05831   1.00338
   1.01045   1.05471   1.00418
   1.01045   1.06522   1.00153
   1.01045   1.07192   1.00221
   1.01045   1.04917   1.00703
   1.01045   1.06511   1.00768
   1.01045   1.07674   1.00182
   1.01045   1.05232   1.00740
   1.01045   1.05927   1.00435
   1.01045   1.06866   1.00641
   1.01045   1.06519   1.00670
   1.01045   1.08368   1.00592
   1.01045   1.05610   1.00699
   1.01045   1.07461   1.00408
   1.01045   1.07218   1.00444
   1.01045   1.05796   1.00741
   1.01045   1.06273   1.00724
   1.01045   1.05174   1.00823
   1.01045   1.06342   1.00709
   1.01045   1.07369   1.00566
   1.01045   1.05727   1.00448
   1.01045   1.07593   1.00196
   1.01045   1.07171   1.00466
   1.01045   1.08341   1.00356
   1.01045   1.07325   1.00616
   1.01045   1.06141   1.00572
   1.01045   1.06834   1.00688
   1.01045   1.08520   1.00494
   1.01045   1.06840   1.00621
   1.01045   1.06584   1.00783
   1.01045   1.04977   1.00597
   1.01045   1.08370   1.00570
   1.01045   1.04867   1.00471
   1.01045   1.07732   1.00531
   1.01045   1.05083   1.00495
   1.01045   1.06633   1.00334
   1.01045   1.04211   1.00638
   1.01045   1.06904   1.00592
   1.01045   1.06578   1.00593
   1.01045   1.04103   1.00460
   1.01045   1.05646   1.00495
   1.01045   1.05710   1.00614
   1.01045   1.04975   1.00610
   1.01045   1.05290   1.00646
   1.01045   1.06804   1.00624
   1.01045   1.05222   1.00647
   1.01045   1.06045   1.00239
   1.01045   1.09032   1.00680
   1.01045   1.07235   1.00559
   1.01045   1.06695   1.00350
   1.01045   1.05851   1.00081
   1.01045   1.04110   1.00125
   1.01045   1.02503   1.00279
   1.01045   1.08159   1.00522
   1.01045   1.05404   1.00640
   1.01045   1.07983   1.00757
   1.01045   1.06739   1.00545
   1.01045   1.04766   1.00480
   1.01045   1.05726   1.00456
   1.01045   1.04656   1.00544
   1.01045   1.04494   1.00346
   1.01045   1.05719   1.00641
   1.01045   1.05597   1.00766
   1.01045   1.04986   1.00564
   1.01045   1.05792   1.00727
   1.01045   1.03617   1.00759
   1.01045   1.03529   1.00795
   1.01045   1.05111   1.00187
   1.01045   1.05439   1.00579
   1.01045   1.07481   1.00502
   1.01045   1.05358   1.00692
   1.01045   1.05204   1.00783
   1.01045   1.03983   1.00630
   1.01045   1.04384   1.00655
   1.01045   1.04473   1.00465
   1.01045   1.03733   1.00481
   1.01045   1.03730   1.00658
   1.01045   1.05918   1.00718
   1.01045   1.07213   1.00440
   1.01045   1.09906   1.00452
   1.01045   1.08871   1.00583
   1.01045   1.08822   1.00490
   1.01045   1.05671   1.00737
   1.01045   1.07875   1.00268
   1.01045   1.03243   1.00587
   1.01045   1.05410   1.00618
   1.01045   1.08563   1.00520
   1.01045   1.06072   1.00380
   1.01045   1.03182   1.00691
   1.01045   1.05919   1.00582
   1.01045   1.05735   1.00262
   1.01045   1.05369   1.00413
   1.01045   1.04955   1.00322
   1.01045   1.07112   1.00473
   1.01045   1.04823   1.00732
   1.01045   1.07338   1.00607
   1.01045   1.10121   1.00753
   1.01045   1.05246   1.00742
   1.01045   1.08104   1.00468
   1.01045   1.05040   1.00534
   1.01045   1.08391   1.00321
   1.01045   1.04789   1.00518
   1.01045   1.06503   1.00511
   1.01045   1.03739   1.00257
   1.01045   1.04829   1.00264
   1.01045   1.04306   1.00730
   1.01045   1.09101   1.00656
   1.01045   1.06854   1.00445
   1.01045   1.08922   1.00241
   1.01045   1.04868   1.00432
   1.01045   1.03596   1.00473
   1.01045   1.05722   1.00705
   1.01045   1.03523   1.00722
   1.01045   1.07976   1.00598
   1.01045   1.07791   1.00114
   1.01045   1.05959   1.00416
   1.01045   1.07419   1.00599
   1.01045   1.06170   1.00827
   1.01045   1.05537   1.00571
   1.01045   1.05503   1.00669
   1.01045   1.07675   1.00463
   1.01045   1.07467   1.00618
   1.01045   1.04934   1.00649
   1.01045   1.05087   1.00376
   1.01045   1.05287   1.00629
   1.01045   1.06627   1.00390
   1.01045   1.07941   1.00447
   1.01045   1.06512   1.00678
   1.01045   1.06602   1.00453
   1.01045   1.10491   1.00577
   1.01045   1.09606   1.00451
   1.01045   1.04096   1.00387
   1.01045   1.07493   1.00583
   1.01045   1.05869   1.00706
   1.01045   1.04843   1.00812
   1.01045   1.04473   1.00706
   1.01045   1.06278   1.00561
   1.01045   1.06941   1.00766
   1.01045   1.06201   1.00761
   1.01045   1.05752   1.00654
   1.01045   1.05814   1.00708
   1.01045   1.06381   1.00494
   1.01045   1.04089   1.00492
   1.01045   1.07120   1.00493
   1.01045   1.05308   1.00494
   1.01045   1.04555   1.00591
   1.01045   1.05086   1.00617
   1.01045   1.03736   1.00730
   1.01045   1.05910   1.00196
   1.01045   1.06762   1.00218
   1.01045   1.04629   1.00475
   1.01045   1.05400   1.00621
   1.01045   1.06189   1.00434
   1.01045   1.05430   1.00800
   1.01045   1.03165   1.00771
   1.01045   1.06938   1.00656
   1.01045   1.07037   1.00424
   1.01045   1.06432   1.00430
   1.01045   1.07030   1.00568
   1.01045   1.06039   1.00419
   1.01045   1.09268   1.00632
   1.01045   1.05305   1.00471
   1.01045   1.05651   1.00637
   1.01045   1.04772   1.00707
   1.01045   1.04368   1.00536
   1.01045   1.04728   1.00381
   1.01045   1.05355   1.00490
   1.01045   1.05958   1.00137
   1.01045   1.10078   1.00464
   1.01045   1.06311   1.00353
   1.01045   1.05422   1.00363
   1.01045   1.04000   1.00390
   1.01045   1.05762   1.00730
   1.01045   1.06257   1.00357
   1.01045   1.09401   1.00137
   1.01045   1.08399   1.00145
   1.01045   1.07153   1.00668
   1.01045   1.04907   1.00298
   1.01045   1.06695   1.00097
   1.01045   1.07192   1.00494
   1.01045   1.06116   1.00555
   1.01045   1.09518   1.00700
   1.01045   1.05752   1.00777
   1.01045   1.06114   1.00521
   1.01045   1.08022   1.00409
   1.01045   1.08663   1.00313
   1.01045   1.08210   1.00370
   1.01045   1.08569   1.00260
   1.01045   1.07151   1.00404
   1.01045   1.06291   1.00724
   1.01045   1.06193   1.00822
   1.01045   1.05248   1.00279
   1.01045   1.07163   1.00802
   1.01045   1.06827   1.00881
   1.01045   1.07560   1.00462
   1.01045   1.05192   1.00582
   1.01045   1.05256   1.00679
   1.01045   1.06256   1.00435
   1.01045   1.07923   1.00302
   1.01045   1.08783   1.00128
   1.01045   1.06971   1.00327
   1.01045   1.04855   1.00274
   1.01045   1.04851   1.00356
   1.01045   1.07640   1.00595
   1.01045   1.06030   1.00683
   1.01045   1.05168   1.00542
   1.01045   1.05399   1.00543
   1.01045   1.04929   1.00857
   1.01045   1.06128   1.00771
   1.01045   1.03252   1.00923
   1.01045   1.04709   1.00471
   1.01045   1.05547   1.00679
   1.01045   1.06341   1.00650
   1.01045   1.04124   1.00694
   1.01045   1.06484   1.00218
   1.01045   1.05470   1.00522
   1.01045   1.05544   1.00556
   1.01045   1.05467   1.00744
   1.01045   1.07026   1.00522
   1.01045   1.06115   1.00572
   1.01045   1.05444   1.00881
   1.01045   1.07902   1.00501
   1.01045   1.05670   1.00958
   1.01045   1.05505   1.00645
   1.01045   1.07010   1.00588
   1.01045   1.07503   1.00283
   1.01045   1.06263   1.00574
   1.01045   1.08160   1.00210
   1.01045   1.03443   1.00082
   1.01045   1.04444   1.00561
   1.01045   1.04978   1.00459
   1.01045   1.04403   1.00898
   1.01045   1.06686   1.00627
   1.01045   1.05405   1.00346
   1.01045   1.05293   1.00547
   1.01045   1.06203   1.00626
   1.01045   1.06552   1.00460
   1.01045   1.06010   1.00759
   1.01045   1.05216   1.00411
   1.01045   1.07013   1.00565
   1.01045   1.05339   1.00591
   1.01045   1.06670   1.00339
   1.01045   1.05669   1.00544
   1.01045   1.04948   1.00853
   1.01045   1.04578   1.00628
   1.01045   1.05970   1.00729
   1.01045   1.06573   1.00418
   1.01045   1.04496   1.00156
   1.01045   1.04064   1.00543
   1.01045   1.06251   1.00307
   1.01045   1.06395   0.99904
   1.01045   1.05589   1.00416
   1.01045   1.07455   1.00391
   1.01045   1.05636   1.00539
   1.01045   1.05564   1.00046
   1.01045   1.06245   1.00343
   1.01045   1.07292   1.00253
   1.01045   1.07399   1.00430
   1.01045   1.04245   1.00625
   1.01045   1.06858   1.00645
   1.01045   1.03799   1.00348
   1.01045   1.05606   1.00882
   1.01045   1.04550   1.00741
   1.01045   1.05914   1.00195
   1.01045   1.05966   1.00645
   1.01045   1.06585   1.00815
   1.01045   1.06257   1.00687
   1.01045   1.06643   1.00026
   1.01045   1.04747   1.00615
   1.01045   1.04131   1.00375
   1.01045   1.05444   1.00519
   1.01045   1.05287   1.00681
   1.01045   1.06858   1.00632
   1.01045   1.06979   1.00488
   1.01045   1.06374   1.00433
   1.01045   1.07337   1.00276
   1.01045   1.03063   1.00652
   1.01045   1.04419   1.00569
   1.01045   1.04274   1.00898
   1.01045   1.07440   1.00574
   1.01045   1.03829   1.00619
   1.01045   1.06389   1.00764
   1.01045   1.07567   1.00669
   1.01045   1.06780   1.00256
   1.01045   1.05902   1.00212
   1.01045   1.06739   1.00299
   1.01045   1.06357   1.00350
   1.01045   1.07173   1.00660
   1.01045   1.05267   1.00584
   1.01045   1.06539   1.00481
   1.01045   1.05614   1.00543
   1.01045   1.04165   1.00481
   1.01045   1.05170   1.00545
   1.01045   1.03618   1.00741
   1.01045   1.04455   1.00235
   1.01045   1.06088   1.00427
   1.01045   1.05521   1.00612
   1.01045   1.03319   1.00146
   1.01045   1.04373   1.00383
   1.01045   1.07473   1.00447
   1.01045   1.07255   1.00302
   1.01045   1.06595   1.00346
   1.01045   1.05719   1.00153
   1.01045   1.02792   1.00339
   1.01045   1.03868   1.00558
   1.01045   1.05053   1.00667
   1.01045   1.04580   1.00441
   1.01045   1.06022   1.00474
   1.01045   1.05189   1.00403
   1.01045   1.03542   1.00463
   1.01045   1.04742   1.00649
   1.01045   1.06016   1.00298
   1.01045   1.05958   1.00319
   1.01045   1.05630   1.00271
   1.01045   1.08260   1.00294
   1.01045   1.07965   1.00303
   1.01045   1.05467   1.00570
   1.01045   1.05891   1.00480
   1.01045   1.08638   1.00413
   1.01045   1.05790   1.00691
   1.01045   1.05004   1.00353
   1.01045   1.05107   1.00455
   1.01045   1.05989   1.00509
   1.01045   1.07436   1.00492
   1.01045   1.05409   1.00655
   1.01045   1.06126   1.00195
   1.01045   1.07964   1.00572
   1.01045   1.07392   1.00322
   1.01045   1.07811   1.00600
   1.01045   1.08699   1.00229
   1.01045   1.07672   1.00329
   1.01045   1.06771   1.00320
   1.01045   1.05989   1.00490
   1.01045   1.07198   1.00232
   1.01045   1.05533   1.00589
   1.01045   1.05372   1.00545
   1.01045   1.06497   1.00455
   1.01045   1.05928   1.00328
   1.01045   1.09682   1.00530
   1.01045   1.05774   1.00405
   1.01045   1.06172   1.00521
   1.01045   1.06506   1.00345
   1.01045   1.02085   1.00482
   1.01045   1.05349   1.00586
   1.01045   1.04422   1.00578
   1.01045   1.07782   1.00050
   1.01045   1.08153   1.00062
   1.01045   1.06744   1.00011
   1.01045   1.05425   1.00269
   1.01045   1.06991   1.00202
   1.01045   1.02976   1.00608
   1.01045   1.06423   1.00550
   1.01045   1.03665   1.00587
   1.01045   1.06043   1.00448
   1.01045   1.05237   1.00362
   1.01045   1.05896   1.00379
   1.01045   1.06508   1.00520
   1.01045   1.06473   1.00438
   1.01045   1.08165   1.00506
   1.01045   1.07289   1.00343
   1.01045   1.07345   1.00164
   1.01045   1.06728   1.00205
   1.01045   1.08492   1.00295
   1.01045   1.08373   1.00175
   1.01045   1.08252   0.99989
   1.01045   1.06691   1.00259
   1.01045   1.07955   1.00598
   1.01045   1.04283   1.00566
   1.01045   1.05426   1.00476
   1.01045   1.06368   1.00497
   1.01045   1.05984   1.00515
   1.01045   1.07850   1.00480
   1.01045   1.07566   1.00373
   1.01045   1.07506   1.00570
   1.01045   1.07865   1.00627
   1.01045   1.07395   1.00257
   1.01045   1.07206   1.00329
   1.01045   1.08052   0.99967
   1.01045   1.08602   1.00283
   1.01045   1.06566   1.00498
   1.01045   1.07475   1.00589
   1.01045   1.07941   1.00290
   1.01045   1.07167   1.00643
   1.01045   1.06899   1.00204
   1.01045   1.05183   1.00591
   1.01045   1.09564   1.00590
   1.01045   1.03460   1.00541
   1.01045   1.05327   1.00890
   1.01045   1.03925   1.00424
   1.01045   1.07582   1.00639
   1.01045   1.07849   1.00273
   1.01045   1.07438   0.99986
   1.01045   1.04055   1.00322
   1.01045   1.05832   1.00254
   1.01045   1.08530   1.00206
   1.01045   1.06503   1.00422
   1.01045   1.08518   1.00253
   1.01045   1.08911   1.00455
   1.01045   1.05790   1.00248
   1.01045   1.04919   1.00746
   1.01045   1.07174   1.00580
   1.01045   1.08500   1.00348
   1.01045   1.07730   1.00493
   1.01045   1.07462   1.00251
   1.01045   1.06336   1.00430
   1.01045   1.05716   1.00304
   1.01045   1.06848   1.00458
   1.01045   1.07628   1.00436
   1.01045   1.05216   1.00332
   1.01045   1.05197   1.00287
   1.01045   1.04189   1.00625
   1.01045   1.03660   1.00393
   1.01045   1.03746   1.00203
   1.01045   1.05335   1.00294
   1.01045   1.05724   1.00242
   1.01045   1.06921   1.00324
   1.01045   1.07481   1.00531
   1.01045   1.04474   1.00713
   1.01045   1.07050   1.00530
   1.01045   1.06354   1.00422
   1.01045   1.03006   1.00357
   1.01045   1.04611   1.00472
   1.01045   1.05836   0.99858
   1.01045   1.06228   1.00273
   1.01045   1.03128   1.00453
   1.01045   1.05290   1.00448
   1.01045   1.07754   1.00548
   1.01045   1.04606   1.00400
   1.01045   1.05060   1.00131
   1.01045   1.07505   1.00427
   1.01045   1.08865   1.00237
   1.01045   1.09231   1.00232
   1.01045   1.04585   1.00179
   1.01045   1.07152   1.00140
   1.01045   1.04482   1.00152
   1.01045   1.05259   1.00304
   1.01045   1.04442   1.00338
   1.01045   1.04228   1.00540
   1.01045   1.07845   1.00170
   1.01045   1.08347   1.00130
   1.01045   1.08152   1.00467
   1.01045   1.06355   1.00463
   1.01045   1.07260   1.00583
   1.01045   1.06585   1.00451
   1.01045   1.05139   1.00393
   1.01045   1.08384   1.00476
   1.01045   1.02551   1.00738
